12804
12808
12811
12814
12817
12820
12824
12827
12830
12833
12836
12840
12843
12846
12849
12852
12856
12859
12862
12865
12868
12872
12875
12878
12881
12884
12888
12891
12894
12897
12900
12904
12907
12910
12913
12916
12920
12923
12926
12929
12932
12936
12939
12942
12945
12948
12952
12955
12958
12961
12964
12968
12971
12974
12977
12980
12984
12987
12990
12993
12996
13000
13003
13006
13009
13012
13016
13019
13022
13025
13028
13032
13035
13038
13041
13044
13048
13051
13054
13057
13060
13064
13067
13070
13073
13076
13080
13083
13086
13089
13092
13096
13099
13102
13105
13108
13112
13115
13118
13121