12805.5
12808.7002
12811.9004
12815.1006
12818.3008
12821.5
12824.7002
12827.9004
12831.1006
12834.3008
12837.5
12840.7002
12843.9004
12847.1006
12850.3008
12853.5
12856.7002
12859.9004
12863.1006
12866.3008
12869.5
12872.7002
12875.9004
12879.1006
12882.3008
12885.5
12888.7002
12891.9004
12895.1006
12898.3008
12901.5
12904.7002
12907.9004
12911.1006
12914.3008
12917.5
12920.7002
12923.9004
12927.1006
12930.3008
12933.5
12936.7002
12939.9004
12943.1006
12946.3008
12949.5
12952.7002
12955.9004
12959.1006
12962.3008
12965.5
12968.7002
12971.9004
12975.1006
12978.3008
12981.5
12984.7002
12987.9004
12991.1006
12994.3008
12997.5
13000.7002
13003.9004
13007.1006
13010.3008
13013.5
13016.7002
13019.9004
13023.1006
13026.3008
13029.5
13032.7002
13035.9004
13039.1006
13042.3008
13045.5
13048.7002
13051.9004
13055.1006
13058.3008
13061.5
13064.7002
13067.9004
13071.1006
13074.3008
13077.5
13080.7002
13083.9004
13087.1006
13090.3008
13093.5
13096.7002
13099.9004
13103.1006
13106.3008
13109.5
13112.7002
13115.9004
13119.1006
13122.3008